2|1239|186801|186802|186803|207244
2|1239|186801|186802|186803|1432051
2|1239|186801|186802|186803|207244|649756
2|1239|186801|186802|186803
2|1239|186801|186802|186803|572511
2|1239|186801|186802|186803|841
2|1239|186801|186802|186803|2039240
2|1239|186801|186802|186803|
2|1239|186801|186802|186803|1407607
2|1239|186801|186802|186803|33042
2|1239|186801|186802|186803|189330
2|1239|186801|186802|186803|1506553
2|1239|186801|186802|186803|33042|410072
2|1239|186801|186802|186803|572511|40520
2|1239|186801|186802|186803|189330|1262873
2|1239|186801|186802|186803|841|166486
2|1239|186801|186802|186803|572511|53443
2|1239|186801|186802|186803|1506553|460384
2|1239|186801|186802|186803|841|301301
2|1239|186801|186802|186803|572511|418240
2|1239|186801|186802|186803|2039240|160404
2|1239|186801|186802|186803|841|360807
2|1239|186801|186802|186803||39491
2|1239|186801|186802|186803|1407607|1150298
2|1239|186801|186802|186803|1506553|1512
2|1239|186801|186802|186803|841|1262942
2|1239|186801|186802|186803|841|1262945
2|1239|186801|186802|186803|189330|39486
2|1239|186801|186802|186803|572511|1262756
2|1239|186801|186802|186803|189330|88431
2|1239|186801|186802|186803|1432051|1432052
2|1239|186801|186802|186803|1506553|1531
2|1239|186801|186802|186803|1506553|208479
2|1239|186801|186802|186803|572511|1322
2|1239|186801|186802|186803|1506553|333367
2|1239|186801|186802|186803|1506553|358743
2|1239|186801|186802|186803|572511|33038
2|1239|186801|186802|186803|28050
2|1239|186801|186802|186803|28050|28052
2|1239|186801|186802|186803|248744
2|1239|186801|186802|186803|248744|168384
2|1239|186801|186802|186803|841|301302
2|1239|186801|186802|186803|1432051|1720294
2|1239|186801|186802|186803|1506553|29347
2|1239|186801|186802|186803|1769710|1653434
2|1239|186801|186802|186803|572511|33035
2|1239|186801|186802|186803|1769710
2|1239|186801|186802|186803|572511|1532
2|1239|186801|186802|186803|207244|105841
2|1239|186801|186802|186803|1506553|84030
2|1239|186801|186802|186803|1506553|358742
2|1239|186801|186802|186803|572511|1912897
2|1239|186801|186802|186803|572511|33039
2|1239|186801|186802|186803|1506553|1965547
2|1239|186801|186802|186803|1506577|29361
2|1239|186801|186802|186803|1506577
2|1239|186801|186802|186803|1506553|1965555
2|1239|186801|186802|186803|33042|116085
2|1239|186801|186802|186803|33042|33043
2|1239|186801|186802|186803|841|1262948
2|1239|186801|186802|186803|841|1262944
2|1239|186801|186802|186803|1506553|1965560
2|1239|186801|186802|186803|1506553|1965562
2|1239|186801|186802|186803|1506553|89153
